22
22 13455256903 20159431 19999048 江西 男 53
1 13030200502 20188936 19990711 广东 男 95
2 13050441283 20187531 19991108 江西 男 93
18 13374293779 20165051 19997460 江西 男 61
21 13435016122 20160836 19998651 广东 男 55
12 13252849093 20173481 19995078 江西 男 73
14 13293330655 20170671 19995872 江西 男 69
3 13070682064 20186126 19991505 广东 男 91
7 13151645188 20180506 19993093 广东 男 83
4 13090922845 20184721 19991902 江西 男 89
9 13192126750 20177696 19993887 广东 男 79
5 13111163626 20183316 19992299 广东 男 87
11 13232608312 20174886 19994681 广东 男 75
6 13131404407 20181911 19992696 江西 男 85
13 13273089874 20172076 19995475 广东 男 71
8 13171885969 20179101 19993490 江西 男 81
15 13313571436 20169266 19996269 广东 男 67
16 13333812217 20167861 19996666 江西 男 65
17 13354052998 20166456 19997063 广东 男 63
10 13212367531 20176291 19994284 江西 男 77
19 13394534560 20163646 19997857 广东 男 59
20 13414775341 20162241 19998254 江西 男 57
